1992991
1985541
1965957
1960148
1974077
1966148
1725452
2280003
2392161
1647296
170554
1621285
2339225
1974182
1636196
2684289
3751048
125947
1985529
1375149
1985547
2392117
2393484
132543
1443972
132755
150002
1760842
367087
3967956
4692531
415502
2317377
1991036
4872076
3967316
149093
1610951
2002737
2019965
367706
1377462
1633248
2339629
414761
293417
1354493
137027
1673841
121925
2295460
2392134
2019799
316626
418709
4872015
143984
2683725
1610882
1992867
1621175
2295135
2295186
418810
328338
1985694
421493
1974166
1966070
1635796
1644611
1052371
4066763
2682787
1647192
331099
2318648
4743574
590693
1974042
423052
2344850
1996195
2810572
2682820
1966066
2394727
587786
1997185
2345188
1645405
1353331
379612
417554
1985581
3760442
149342
2683761
2392121
1760918
2810414
1063489
399985
1985571
170753
417022
1966019
4692575
143461
327851
2333762
125667
4699383
1991007
126055
1761106
1430628
1375022
3757473
147700
143069
379543
2280027
3967291
413415
1611232
154485
4059601
4131631
149090
297917
4872033
2392269
416351
590085
4066731
3963741
296778
2682789
2682791
379619
1461962
132449
4752788
2333699
2295481
1994856
1611313
1974158
1364877
332768
143170
293358
121505
1377318
2394712
1372732
4059622
132777
2683791
379868
1644425
2682786
2814407
2683808
298018
2295103
413454
1064059
1991091
4752770
143424
5027101
132291
2510591
5027018
331114
4709213
321648
388480
1644579
132469
410552
2924534
2683790
1621448
1328878
2393423
3956054
4750797
2316566
2333874
3757943
379670
590706
327828
2683810
1765024
4131598
412017
2910497
1621043
1965848
1351795
148394
2528636
1996712
293375
3745689
1722301
3760378
4750234
2392472
141904
2683787
590727
4709135
149278
3745717
1611225
1974260
367112
2682784
331105
1995808
463179
2332927
1729025
587206
2683822
1443894
327858
1996691
2683825
2682819
1994705
1370276
1371607
4752221
2392093
147620
1647006
2351217
2318786
1303052
3218484
2328858
1339164
332226
421250
170528
2683823
2318851
1985533
1644790
3963980
1644668
1635969
419665
1312607
2339265
2333058
1966097
1064085
327821
4059466
4699379
2394696
2019815
132536
1328786
1994661
410498
380760
1621135
1673941
297909
5027029
1388793
4750775
149133
402261
2814332
380646
2020067
4131588
1364947
1443880
126056
2814309
2683750
368167
4709084
1646985
1991085
2394022
3757957
1974399
4127314
5025416
1052307
4059587
5027080
4755538
1710955
4709713
126045
418665
590788
132387
463765
463090
1966114
3750998
1645521
1985611
2682785
4692496
4127323
3950543
1991098
1647290
1643071
2683760
1644419
2392060
402868
2758117
2683757
1444178
1986599
590683
2683788
463590
578367
2334974
1376344
399980
2392433
2279753
1974174
589395
293442
1373777
2392100
590157
5027009
1991043
3963698
297960
2295324
126003
414693
1965991
1983929
141739
1443827
2394057
1627140
380885
463609
2019897
589403
146847
143027
1444125
1621413
1721414
3221246
3751040
2511034
1354457
295688
297938
1063153
2754766
417622
1974105
149141
328326
4751663
3757974
295737
2682783
587752
146846
2900885
413532
1966113
402082
1760877
2318675
143976
3950759
2344998
2683799
359301
3967307
1985572
4127311
4750813
380915
5027044
1351996
149471
5027022
2394681
1737078
587849
126033
1973976
1991094
587774
1635750
1654951
1726831
1974281
3950947
1635897
1996045
1722311
2392240
5026932
1063999
1985828
2317451
2316564
330504
296853
332233
1635858
380907
1673862
400914
3757454
2339525
321657
3950698
4709746
1621398
1994127
1974148
1991077
1312860
2345063
429045
149170
2910494
4059438
1370241
414533
2810515
331124
2272646
4750783
3950656
2682818
1348445
5027100
5027021
3966117
5026982
1986620
1376429
2810446
3757966
1965718
412057
2924416
328320
4692329
125674
2397378
5026935
1760992
399699
132705
147731
5027023
5027043
1647440
416230
4709125
3950579
3218482
3211286
2924561
1645530
125713
1992763
2814320
132653
1370441
1430799
1716616
5027068
463424
4127377
126130
154566
1986617
3963649
293343
1621244
4130452
400802
2338176
1725468
297928
1993839
5027105
463541
1761034
293391
1462242
4076794
1313121
1353226
2337432
1443752
2382778
4879843
2344868
1636672
1985711
1355308
2304097
2295262
5026993
1443998
1974126
1611073
2340695
1611007
1610760
1992718
4752775
147710
3963750
2020105
2746092
413565
590785
132365
4127345
1725987
4751669
1604303
1052442
2814563
2754825
401961
2683758
2682788
400790
1351804
3963655
2924464
332195
332200
1374886
2746116
1993799
2280428
1431117
587864
1991006
1760887
421188
330565
143184
1052259
297990
1985633
149423
2683798
2683824
417670
3745734
587737
1991090
1965724
3211268
4714388
2391503
3956218
1726840
1329934
2340779
1995881
1724378
1353368
4127329
1644511
2311742
2392198
2683762
1966082
2394740
5026934
2682790
147577
463199
4059690
1377231
2754786
463335
149145
3967902
2910426
2316271
1462096
1985659
132570
2340974
1995923
170570
1328749
397429
1052445
1725440
1985920
1673971
4872070
4059568
463514
5027106
1621345
2020253
3966744
2683789
3963751
150008
1994760
5026933
4692342
4709098
379735
1985499
4752803
2683809
2814388
126054
136952