1735419
2682884
4872450
1965957
1974077
1966148
4061369
2744588
2280003
4900332
1621285
1974182
4745078
2369172
127452
2684289
2283965
3751048
125947
2368490
444606
3746772
132543
1443972
2811091
1714343
132755
150002
1381718
367087
4692531
2530138
2317377
4872076
4131062
2907744
1967743
1614033
4697983
1610951
2778871
367706
1377462
1354493
159841
582191
2746535
1746022
2295460
316626
4872015
283572
143984
3978911
2552411
2513791
1610882
1621175
2295135
1734188
2295186
3978999
1667054
328338
1974166
1966070
375421
342122
1413269
1052371
4066763
2682787
166344
2400563
2318648
3237496
1974042
3210410
2682647
1966066
2013244
4867315
3238424
1419783
5026965
2682646
4117289
3750206
379612
417554
1063489
4867210
2553375
1124728
3773469
417022
1966019
4692575
437182
125667
4699383
126055
2537813
1325268
341996
379543
2280027
2331275
2809763
2004677
1611232
4059601
2283869
1055425
4872033
127646
4757030
369510
1613851
4866935
4066731
2375890
2012410
1713995
2682789
2959048
2682791
383488
379619
592228
4867083
160402
1666439
132449
5027045
3749628
2295481
1611313
1974158
332768
1327102
127682
286284
3955568
1377318
442164
4061249
1967752
3212782
152412
1618246
4059622
2502366
132777
377663
2683791
379868
3746848
2283918
2682786
434899
2376003
383814
2295103
1967936
1064059
3206453
3217993
2809857
2387409
132291
2510591
285916
1334109
2290675
2290044
1128142
321648
2837709
2523037
3746858
2504317
1734549
132469
2809791
283442
157741
4746403
5026992
1621448
2797787
1328878
1326114
3956054
2556775
3979685
3757943
2741513
379670
5027020
1749970
1735432
1405288
2910497
1621043
1965848
1491678
3745689
1722301
369252
2683787
1716390
2380013
2504396
2809806
2741665
3745717
1611225
1974260
2682560
130632
367112
2682784
1490508
1967983
163846
2683822
1443894
1665164
2283956
1613771
1661983
3239072
2794438
2012412
2834200
2386024
3774706
4135450
127753
4867388
1971986
1745832
4061653
434348
2318786
1052973
377937
161030
2014190
3218484
1614129
376583
307873
1666141
160800
2746502
2504204
1749642
2293358
1446154
2903577
4103756
2318851
1619680
1417335
2509036
419665
127856
1312607
1966097
1064085
4059466
4699379
2682761
3206495
132536
2794129
1328786
318103
342987
380760
383658
1621135
2741455
2745093
380646
3211667
1450944
1443880
2754267
4064521
126056
369478
318207
1055636
2683750
368167
2903226
3757957
1974399
1052307
2387837
4059587
3227540
4061376
126045
132387
2682754
4144824
1395055
2682648
1714357
3952277
134527
1966114
3750998
320401
4119911
2682785
4692496
1968096
3950543
2370730
1613752
2683760
444436
4120282
402868
2004564
1667193
3952165
2283929
1623855
1444178
4131056
1613900
2776564
3773208
1771445
2523055
1783036
2331342
2682762
1376344
444128
130478
2279753
1974174
2741292
2778173
134639
2903244
3979788
1124198
4899491
1618381
2295324
126003
4733734
4061568
1965991
2370095
1972968
2021776
1443827
130514
1623530
450181
2908627
164022
380885
1323443
4143348
2507985
443384
1489766
1444125
1621413
2013537
1749758
4120585
3751040
4694080
4735484
134552
1661123
5027109
2511034
1785121
3206456
1354457
2332124
2682505
2331507
1446075
1063153
317988
2961390
1060224
1972803
160826
3206537
2754766
417622
1974105
4106104
2331196
1055492
328326
1727786
3757974
4698610
369584
321052
1968061
2900885
1966113
2318675
1316693
143976
383797
3950759
3955000
1667456
152304
156294
2014180
131071
4697263
380915
2291557
3952210
5027030
126033
1973976
1406374
3217985
160413
4870508
1974281
3950947
3239538
4065390
1722311
2331216
1752679
1063999
1061319
2008956
1650867
4721197
4735560
1326420
2317451
3764909
2745539
2940032
380907
369158
4867069
456340
2682644
164111
456448
2386075
3774737
165773
318064
400914
166305
4120881
321657
3950698
1621398
1974148
582506
1781945
2504529
1312860
2741439
1968041
2910494
4059438
3746974
1324532
3950656
3970316
4872434
1667004
1623918
4104612
1376429
3209459
450205
369453
3757966
1965718
2346281
328320
4692329
125674
423808
1367632
4061623
132705
1999064
1317002
597015
1488617
3950579
3218482
2903250
4117176
3211286
2283867
2299238
1060805
125713
132653
1716616
1061980
4089693
4103988
5025530
1661914
126130
2960629
1446161
2281273
1621244
4754360
400802
1785120
2338176
1317102
2283795
164166
2903591
1313121
1443752
2682645
4144833
4879843
1976236
1405924
1636672
1355308
2295262
1443998
131086
1974126
2283626
1611073
2340695
130631
1611007
1610760
2746092
4694093
1613731
2746513
132365
2009744
440290
2385914
1613984
2504080
2903604
1725987
1052442
2754825
1656753
1968079
2299264
4120873
580565
2683758
1662083
2682788
400790
2283827
156192
444628
2798673
2369824
1613923
2369986
2746116
2799123
4061320
2508543
4871034
4901324
466427
2280428
2754289
1317138
580411
2283543
369268
1445861
160752
3209935
4901258
1052259
1753071
1413309
1474928
4127648
2957822
4733817
2331235
1129336
2009683
417670
3745734
5026963
2381006
1965724
3211268
369109
4889367
3956218
1405519
4745009
2331644
2776312
1329934
2907115
2340779
2913479
1446147
4117124
369283
1665128
1055290
4066026
1657135
1613746
1966082
2292517
3211653
2682790
5025476
1613685
134460
134506
127469
4694065
4059690
1377231
2754786
1316670
1972969
377246
2910426
2283933
1067801
2794303
132570
2340974
4694290
1328749
1052445
1393987
2903438
4872070
4059568
1450653
5027106
1621345
383770
2555366
150008
300092
5027082
5026933
293589
4873719
4692342
379735
1449394
1972764
369337
1619686
2682885
5027007
126054
1972167