1735419
2682884
1992991
1985541
1965957
1960148
1974077
1966148
4061369
1725452
2744588
2280003
2392161
1647296
170554
4900332
1621285
2339225
1974182
4745078
2369172
127452
1636196
2684289
2283965
3751048
125947
1985529
1375149
1985547
2392117
2393484
444606
3746772
132543
1443972
1714343
132755
150002
1760842
1381718
367087
3967956
4692531
415502
2317377
1991036
4872076
2907744
3967316
1967743
149093
1614033
4697983
1610951
2002737
2778871
2019965
367706
1377462
1633248
2339629
414761
293417
1354493
137027
1673841
582191
121925
1746022
2295460
2392134
2019799
316626
418709
4872015
283572
143984
3978911
2552411
2513791
2683725
1610882
1992867
1621175
2295135
1734188
2295186
3978999
1667054
418810
328338
1985694
421493
1974166
1966070
1635796
375421
342122
1644611
1413269
1052371
4066763
2682787
1647192
166344
2400563
331099
2318648
4743574
3237496
590693
1974042
423052
2344850
3210410
1996195
2810572
2682820
1966066
2394727
587786
2013244
4867315
1997185
2345188
1645405
1353331
3238424
1419783
4117289
3750206
379612
417554
1985581
3760442
149342
2683761
2392121
1760918
2810414
1063489
399985
4867210
2553375
1985571
1124728
170753
3773469
417022
1966019
4692575
143461
327851
2333762
125667
4699383
1991007
126055
2537813
1761106
1325268
1430628
341996
1375022
3757473
147700
143069
379543
2280027
3967291
413415
2004677
1611232
154485
4059601
4131631
2283869
149090
1055425
297917
4872033
127646
2392269
416351
4757030
369510
1613851
4866935
590085
4066731
3963741
2375890
2012410
296778
1713995
2682789
2959048
2682791
379619
592228
4867083
160402
1666439
1461962
132449
4752788
2333699
3749628
2295481
1994856
1611313
1974158
1364877
332768
1327102
143170
127682
293358
286284
121505
3955568
1377318
2394712
4061249
1372732
1967752
3212782
152412
1618246
4059622
132777
377663
2683791
379868
3746848
1644425
2283918
2682786
2814407
2683808
298018
434899
2376003
2295103
1967936
413454
1064059
3206453
1991091
4752770
143424
2387409
5027101
132291
2510591
285916
5027018
331114
4709213
2290675
2290044
1128142
321648
388480
2837709
3746858
2504317
1734549
1644579
132469
283442
410552
2924534
4746403
2683790
1621448
2797787
1328878
1326114
2393423
3956054
4750797
2556775
2316566
3979685
2333874
3757943
2741513
379670
590706
327828
1749970
2683810
1765024
4131598
412017
1735432
1405288
2910497
1621043
1965848
1351795
148394
2528636
1996712
293375
1491678
3745689
1722301
3760378
4750234
2392472
141904
369252
2683787
1716390
2380013
590727
2504396
2741665
4709135
149278
3745717
1611225
1974260
2682560
130632
367112
2682784
331105
1995808
1490508
1967983
463179
2332927
1729025
163846
587206
2683822
1443894
1665164
327858
1996691
2283956
1613771
1661983
3239072
2794438
2683825
2012412
2682819
2834200
1994705
1370276
1371607
2386024
4752221
3774706
4135450
2392093
147620
127753
4867388
1971986
1745832
4061653
1647006
2351217
434348
2318786
1303052
377937
161030
2014190
3218484
2328858
1614129
376583
307873
1666141
160800
1339164
2504204
1749642
2293358
332226
1446154
421250
170528
2903577
2683823
4103756
2318851
1985533
1644790
3963980
1644668
1619680
1417335
1635969
2509036
419665
127856
1312607
2339265
2333058
1966097
1064085
327821
4059466
4699379
2682761
2394696
2019815
3206495
132536
2794129
1328786
318103
1994661
342987
410498
380760
1621135
1673941
297909
5027029
1388793
2741455
4750775
149133
402261
2745093
2814332
380646
2020067
4131588
1364947
1450944
1443880
4064521
126056
369478
318207
1055636
2814309
2683750
368167
4709084
1646985
2903226
1991085
2394022
3757957
1974399
4127314
5025416
1052307
2387837
4059587
5027080
3227540
4755538
1710955
4061376
4709713
126045
418665
590788
132387
4144824
463765
463090
1395055
1714357
3952277
1966114
3750998
1645521
1985611
320401
4119911
2682785
4692496
4127323
1968096
3950543
1991098
2370730
1613752
1647290
1643071
2683760
444436
4120282
1644419
2392060
402868
2004564
1667193
2758117
3952165
2283929
2683757
1623855
1444178
1613900
1986599
2776564
3773208
1771445
590683
2683788
463590
578367
2334974
1783036
2682762
1376344
444128
130478
399980
2392433
2279753
1974174
2741292
589395
2778173
293442
1373777
2392100
590157
5027009
2903244
1991043
3979788
1124198
3963698
4899491
297960
1618381
2295324
126003
4733734
414693
4061568
1965991
2370095
1983929
1972968
141739
1443827
130514
2394057
1623530
1627140
450181
2908627
164022
380885
463609
1323443
4143348
2507985
2019897
443384
589403
1489766
146847
143027
1444125
1621413
2013537
1749758
1721414
4120585
3221246
3751040
4694080
4735484
2511034
1785121
3206456
1354457
295688
2682505
1446075
297938
1063153
317988
2961390
1060224
1972803
160826
3206537
2754766
417622
1974105
149141
4106104
1055492
328326
4751663
1727786
3757974
295737
2682783
587752
146846
4698610
369584
321052
1968061
2900885
413532
1966113
402082
1760877
2318675
1316693
143976
3950759
2344998
3955000
2683799
359301
1667456
152304
3967307
156294
2014180
1985572
131071
4127311
4750813
4697263
380915
5027044
1351996
149471
5027022
2291557
3952210
2394681
1737078
587849
126033
1973976
1406374
1991094
587774
1635750
160413
1654951
4870508
1726831
1974281
3950947
1635897
3239538
1996045
4065390
1722311
2392240
5026932
1752679
1063999
1061319
2008956
1650867
4721197
4735560
1326420
1985828
2317451
2316564
3764909
2745539
330504
296853
2940032
332233
1635858
380907
369158
4867069
1673862
456340
164111
456448
2386075
3774737
165773
318064
400914
166305
3757454
2339525
321657
3950698
4709746
1621398
1994127
1974148
582506
1781945
2504529
1991077
1312860
2741439
2345063
1968041
429045
149170
2910494
4059438
3746974
1370241
414533
1324532
2810515
331124
2272646
4750783
3950656
2682818
1348445
3970316
5027100
1667004
5027021
3966117
5026982
4104612
1986620
1376429
3209459
450205
369453
2810446
3757966
1965718
2346281
412057
2924416
328320
4692329
125674
2397378
423808
5026935
1760992
4061623
399699
132705
147731
5027023
1999064
5027043
1317002
597015
1647440
1488617
416230
4709125
3950579
3218482
2903250
4117176
3211286
2283867
2299238
2924561
1645530
1060805
125713
1992763
2814320
132653
1370441
1430799
1716616
1061980
4089693
5027068
463424
4103988
1661914
4127377
126130
154566
1986617
3963649
2960629
1446161
293343
1621244
4754360
4130452
400802
1785120
2338176
1317102
2283795
1725468
297928
1993839
164166
2903591
5027105
463541
1761034
293391
1462242
4076794
1313121
1353226
2337432
1443752
2382778
4144833
4879843
2344868
1405924
1636672
1985711
1355308
2304097
2295262
5026993
1443998
131086
1974126
2283626
1611073
2340695
130631
1611007
1610760
1992718
4752775
147710
3963750
2020105
2746092
4694093
1613731
413565
590785
132365
2009744
2385914
1613984
4127345
2504080
2903604
1725987
4751669
1604303
1052442
2814563
2754825
401961
1656753
1968079
580565
2683758
1662083
2682788
400790
2283827
1351804
3963655
156192
444628
2924464
2798673
2369824
332195
1613923
332200
2369986
1374886
2746116
1993799
2799123
4061320
2508543
4871034
4901324
2280428
1431117
1317138
587864
580411
1991006
2283543
369268
1760887
421188
330565
143184
1445861
160752
3209935
4901258
1052259
297990
1985633
1753071
1413309
1474928
149423
2957822
4733817
2683798
2683824
1129336
2009683
417670
3745734
2381006
587737
1991090
1965724
3211268
369109
4714388
2391503
4889367
3956218
1405519
4745009
1726840
2776312
1329934
2907115
2340779
2913479
1995881
1724378
1353368
1446147
4117124
4127329
369283
1644511
1665128
2311742
1055290
2392198
4066026
2683762
1657135
1613746
1966082
2394740
5026934
2292517
2682790
147577
463199
1613685
127469
4694065
4059690
1377231
2754786
463335
1316670
1972969
377246
149145
3967902
2910426
2316271
2283933
1067801
1462096
1985659
2794303
132570
2340974
1995923
170570
4694290
1328749
397429
1052445
1393987
1725440
2903438
1985920
1673971
4872070
4059568
463514
1450653
5027106
1621345
2020253
3966744
2683789
3963751
2555366
150008
1994760
300092
5026933
4873719
4692342
4709098
379735
1985499
4752803
1449394
1972764
2683809
369337
1619686
2814388
2682885
5027007
126054
136952
1972167