5026529
2684172
5027523
1781324
1972966
299214
137526
131906
1421182
2321927
2744242
321407
3764623
1043812
375164
3208936
146224
2357084
1627278
3743809
4111702
2381025
1670100
375931
1978682
443113
4699325
1618759
3956528
1616091
5026517
353658
1619511
2683019
2684004
2683865
137488
3955405
1964874
137327
2683622
1061571
1329236
4051951
1969310
1620727
1400432
421072
1956661
169809
4115366
4120851
2006762
5027327
4733040
131792
5027586
129674
2321995
5027504
136495
137262
2812237
1411539
1043853
169490
1333379
2295971
2348900
307714
4097410
2347211
1620861
2276808
132159
2289545
137273
1733567
2365463
1620631
122962
1638982
2682517
2006763
137236
4129187
2738410
2016150
3234997
160205
2683300
4745743
137181
3237177
163496
167513
1330322
4755127
163407
1341736
4699053
4711529
1614554
1323197
5027450
433323
160059
2683027
2684110
118099
2797446
3750597
5026527
166667
3770681
2267147
366994
2513575
1620755
5027322
2830525
353638
285418
1123539
3750946
1330273
2683879
2910277
455075
1330217
1659318
2379026
3948202
5027325
5026530
2385294
377521
2295087
4144562
1063941
2375211
380366
2391234
3219538
2304339
5027341
2683066
425253
2365409
2745961
2304378
2295029
1620941
2267331
2368690
4870026
2684167
379333
1404569
379442
5027554
1411771
1972935
595109
339416
2913121
4880827
2910255
2000625
2683069
2267432
158213
1620788
1778993
286235
1296548
2834875
379034
1314731
118068
2897913
1998992
1115465
424827
3956457
294308
2745997
2684042
157878
1777266
443220
166668
2379338
5026703
1324976
2684100
2682395
2771217
2908474
1962871
1063831
2019498
132033
2276527
2291422
4691667
132022
1484706
5027420
3237122
1971450
153090
1422213
137275
2952350
4692183
4899020
377815
1669407
353449
1342047
167177
2399086
1711531
2001358
2508741
453756
1363198
1664932
4756914
321609
167434
4871853
1084235
5027328
2683601
1673585
3211232
3978175
2502010
2683620
2354548
3750728
5027568
2785060
166247
1659133
1329313
2756234
1708874